0000    -0.1027638     0.0619005     0.1158413     0.0558036     0.2978793     0.0433967
0001     0.0125948     0.0123164     0.0231285     0.0134081     0.0465132     0.0092768
0002    -0.0020568     0.0301022    -0.0117928     0.0320086     0.0489582     0.0237648
0003     0.0113619     0.0051763     0.0069985     0.0064979     0.1050571     0.0042517
0004    -3.0197951     0.0704991    -2.0683400     0.0556333    -3.4145014     0.0822750
0006    -0.6179522     0.3400036     0.7308363     0.2833812    -0.2428243     0.3287556
0101     3.1853992     0.0975101    -1.9266344     0.1002709    -2.5219764     0.0713329
0103     4.2950756     0.2445085    -7.7649804     0.1593024     0.9612626     0.1266951
0104     0.0118116     0.0142774    -0.0070075     0.0153239     0.1675627     0.0111914
0105     0.0222414     0.0507839    -0.0316007     0.0492667     0.1555968     0.0368648
0106    -0.0096433     0.0063216     0.0005671     0.0072062    -0.0296843     0.0051005
0107    -0.0290596     0.0305109    -0.0422374     0.0293927     0.1007363     0.0230527
0209    -3.2718001     0.0845142    -0.1751873     0.0708924    -0.9770454     0.0707960
0211    -2.5095639     0.0813489    -0.8340976     0.0749795    -1.3412848     0.0693664
0212     0.0016431     0.0040572    -0.0170479     0.0058485     0.0430264     0.0034645
0213    -0.0398971     0.0297471    -0.0266709     0.0318064    -0.0883324     0.0236479
0214    -0.0172622     0.0126719     0.0003092     0.0145154     0.0915282     0.0098133
0215     0.0517683     0.0531839    -0.1141661     0.0505831     0.2216118     0.0379789
0308    -0.0434668     0.0295909     0.0247966     0.0285437     0.1329482     0.0218658
0309    -0.0068226     0.0047404    -0.0300275     0.0061982     0.0319449     0.0037873
0310     0.0942118     0.0735967     0.1381811     0.0635800     0.2260740     0.0532841
0311    -0.0110605     0.0144024    -0.0412254     0.0161615     0.0814636     0.0116824
0312    -8.4767508     0.0415858    -2.4160962     0.0946225     1.3179447     0.0545770
0314    -3.1319540     0.2347682     2.5688352     0.2209118    -3.1596051     0.2528662
