0000 0001              0104 0105
0002 0003              0106 0107
               +                    
0308 0309              0212 0213
0310 0311              0214 0215
mirrors
-----------------------------
        Mirror segments      
  under alignment monitoring 
-----------------------------
             Primary         
         (00)        01      
                +            
          03        (02)     
-----------------------------
            Secondary        
    00    01         04    05
    02    03         06    07
                +            
    08    09         12    13
    10    11         14    15
-----------------------------
